./tony_cl
cl=229117 us 
cl_in=20406,cl_run=199573,cl_out=9129
cl=103342064.000000
cpu=1148495 us 
cpu=103342064.000000
speed-up=5.0

