 int n=1000000;
cl=51391 us 
cl_in=2014,cl_run=48566,cl_out=810
cl=103342064.000000
cpu=272398 us 
cpu=103342064.000000
speed-up=5.3
